0,386
0,385
45,4
45,3
45,2
0,384
45,1
45,0
0,319
44,5
44,4
44,3
44,2
44,1
44,0
14,5
14,4
43,5
43,4
43,3
43,2
43,1
43,0
42,5
42,4
42,3
42,2
42,1
42,0
41,4
41,3
41,2
41,1
41,0
40,4
40,3
40,2
40,1
40,0
39,4
39,3
39,2
39,1
39,0
38,4
38,3
38,2
0,318
0,317
38,1
38,0
37,7
37,6
37,5
37,4
37,3
37,2
37,1
37,0
36,3
36,2
36,1
36,0
35,3
35,2
35,1
35,0
34,4
34,3
34,2
34,1
34,0
33,4
33,3
33,2
0,316
33,1
33,0
32,4
32,3
32,2
32,1
32,0
31,3
31,2
31,1
31,0
30,3
30,2
30,1
30,0
29,3
29,2
29,1
29,0
28,5
28,4
28,3
28,2
28,1
28,0
27,3
27,2
27,1
27,0
0,273
0,270
26,4
26,3
26,2
26,1
26,0
0,283
0,243
25,3
25,2
25,1
25,0
24,3
24,2
0,9
24,1
24,0
23,35
3,2
3,1
3,3
10,148
10,152
10,14
10,160
10,2
10,3
11,7
11,2
11,3
9,6
9,4
9,2
